image: 910_1.pgm
resolution: 0.050000
origin: [-6.324999, -3.324999, 0.000000]
negate: 0
occupied_thresh: 0.65
free_thresh: 0.196

